[gd_scene load_steps=10 format=2]

[ext_resource path="res://Hero.gd" type="Script" id=1]
[ext_resource path="res://Camera.gd" type="Script" id=2]

[sub_resource type="CapsuleMesh" id=1]

[sub_resource type="CylinderMesh" id=2]

[sub_resource type="CapsuleShape" id=3]

[sub_resource type="BoxShape" id=4]

[sub_resource type="SpatialMaterial" id=5]
albedo_color = Color( 0.32549, 0.0980392, 0.0980392, 1 )

[sub_resource type="CubeMesh" id=6]
material = SubResource( 5 )

[sub_resource type="SphereMesh" id=7]

[node name="SandBoxLevel" type="Spatial"]

[node name="Hero" type="KinematicBody" parent="."]
transform = Transform( 1, 0, 0, 0, 1, 0, 0, 0, 1, 0, 9.7788, 0 )
script = ExtResource( 1 )

[node name="BodyMesh" type="MeshInstance" parent="Hero"]
transform = Transform( 1, 0, 0, 0, -1.62921e-07, -1, 0, 1, -1.62921e-07, 0, 0, 0 )
mesh = SubResource( 1 )
material/0 = null

[node name="Face" type="MeshInstance" parent="Hero"]
transform = Transform( 0.116409, 0, 0, 0, -1.62921e-07, -0.116409, 0, 1, -1.89654e-08, 0, 1, 1 )
mesh = SubResource( 2 )
material/0 = null

[node name="CollisionShape" type="CollisionShape" parent="Hero"]
transform = Transform( 1, 0, 0, 0, -1.62921e-07, -1, 0, 1, -1.62921e-07, 0, 0, 0 )
shape = SubResource( 3 )

[node name="Floor" type="StaticBody" parent="."]
transform = Transform( 45.0422, 0, 0, 0, 0.131973, 0, 0, 0, 34.1323, 0, 6.7788, 0 )
collision_layer = 1024
collision_mask = 0
__meta__ = {
"_edit_group_": true
}

[node name="CollisionShape" type="CollisionShape" parent="Floor"]
shape = SubResource( 4 )

[node name="MeshInstance" type="MeshInstance" parent="Floor"]
mesh = SubResource( 6 )
material/0 = null

[node name="Camera" type="Camera" parent="."]
transform = Transform( -1.62921e-07, 0.766044, -0.642788, 0, 0.642788, 0.766044, 1, 1.24805e-07, -1.04724e-07, -16, 28.7788, -2 )
current = true
size = 100.0
script = ExtResource( 2 )

[node name="MeshInstance" type="MeshInstance" parent="."]
transform = Transform( 1, 0, 0, 0, 1, 0, 0, 0, 1, -27.5775, 28.7788, -2 )
mesh = SubResource( 7 )
material/0 = null

[node name="RayLookAt" type="RayCast" parent="."]
transform = Transform( 0.960163, 0.261496, -0.0985216, -0.278457, 0.924882, -0.25895, 0.0234065, 0.276069, 0.960853, -16.0506, 28.7788, -1.66809 )
enabled = true
cast_to = Vector3( 58, -35, 31 )
collision_mask = 1024

[node name="Light" type="OmniLight" parent="."]
transform = Transform( 1, 0, 0, 0, 1, 0, 0, 0, 1, 0, 6.7788, 0 )
light_energy = 2.89

[node name="MeshInstance2" type="MeshInstance" parent="Light"]
transform = Transform( 3, 0, 0, 0, 3, 0, 0, 0, 3, 0.0535679, -1.44006, -2.6226e-06 )
mesh = SubResource( 7 )
material/0 = null

[node name="Camera2" type="Camera" parent="."]
transform = Transform( -1, -1.77636e-14, -3.25841e-07, -1.64494e-07, 0.863219, 0.504829, 2.81273e-07, 0.504829, -0.863219, -13.5912, 22.8058, -24.9347 )
